 9.463269
 16.851085
 17.439502
 38.879236
 39.239545
 45.230616
 45.237426
 61.854492
 64.346332
 63.504918
 68.498643
 196.956031
 196.765565
 83.869918
 92.581860
 88.160383
 96.181221
 154.092211
 163.121896
 153.767701
 156.389366
 125.663280
 118.884213
 119.631385
 124.176536
 306.766745
 305.792603
 13.122791
 22.217057
 40.986858
 39.361553
 43.342681
 44.834148
 65.772829
 67.465470
 59.337759
 64.223069
 193.003964
 199.601199
 86.726337
 94.505608
 85.507316
 93.341494
 155.097081
 161.682980
 152.178079
 156.926231
 125.571286
 120.231521
 119.138331
 121.907313
 305.426434
 305.872776
 16.833894
 42.927230
 43.349309
 41.767208
 42.556206
 67.049840
 66.133746
 62.132481
 63.724992
 194.140476
 198.941929
 88.507167
 94.718705
 88.324212
 93.989547
 157.390450
 163.919890
 151.997645
 157.334030
 129.192401
 121.512744
 117.946669
 123.743575
 305.365464
 305.879417
 36.888128
 41.296088
 41.742473
 39.550232
 57.171858
 56.583733
 66.582731
 67.818398
 197.246206
 189.676220
 80.263429
 87.432237
 89.782287
 95.226566
 152.005207
 162.717785
 150.489051
 152.203244
 126.184132
 115.368380
 114.368751
 124.051614
 303.223120
 301.256649
 11.015527
 20.463406
 17.219710
 26.053855
 28.703769
 40.475646
 44.042395
 165.703098
 158.757312
 45.938386
 53.825119
 56.843075
 63.758506
 115.931740
 127.173306
 117.288254
 117.691126
 89.427268
 80.140863
 82.186374
 89.947920
 269.447770
 267.210601
 19.551801
 20.504494
 33.366494
 36.925621
 31.851012
 38.514066
 160.621948
 162.703582
 49.550959
 57.177444
 50.741003
 59.465668
 115.745648
 124.021821
 115.648491
 118.295304
 86.732737
 81.314317
 82.752653
 85.806762
 268.132057
 267.397183
 7.615585
 39.722183
 35.941449
 29.718991
 27.539369
 155.601150
 161.587242
 54.341683
 57.004960
 50.127693
 53.705288
 117.652047
 123.126574
 110.335252
 116.346443
 90.222154
 82.138572
 76.516698
 83.363574
 263.669639
 264.355637
 34.313138
 29.550554
 36.022000
 33.361342
 158.925828
 157.944580
 50.623025
 53.638499
 53.704344
 56.702494
 116.531972
 124.431236
 111.071592
 115.052833
 90.685304
 80.176179
 75.699607
 85.635175
 264.053462
 263.497977
 13.875145
 54.762756
 56.542900
 161.423086
 135.368178
 23.950332
 34.417321
 58.696628
 63.799978
 97.622348
 116.072026
 106.435421
 100.002309
 76.760596
 61.388862
 69.814590
 84.113364
 254.830845
 249.027192
 54.726729
 52.501741
 158.862433
 133.270071
 28.292081
 32.440998
 59.059432
 60.710179
 98.891179
 115.822199
 102.604546
 97.980548
 79.689980
 61.403086
 64.258655
 82.970972
 251.730646
 246.573476
 16.037226
 133.805467
 161.871882
 59.495758
 61.014471
 28.391736
 36.898705
 107.850339
 105.493901
 97.440701
 108.707131
 75.375402
 77.760486
 71.617968
 64.532727
 249.474881
 253.581599
 130.580264
 157.732205
 60.822584
 58.814391
 31.719569
 32.408894
 107.768578
 104.598690
 92.010578
 105.167164
 78.156730
 76.521643
 64.657944
 63.140579
 244.653580
 249.178670
 146.697688
 144.036013
 133.864942
 110.212732
 102.426189
 100.713527
 59.668641
 65.876139
 94.642229
 97.350529
 115.136945
 101.244161
 77.675479
 134.022760
 156.191165
 114.488532
 105.705043
 139.594248
 133.082730
 69.238027
 99.858201
 94.124974
 62.567422
 102.624764
 85.347557
 95.943832
 117.944594
 155.421618
 131.857181
 15.554789
 51.355191
 54.999939
 73.760384
 94.807275
 86.916027
 77.220302
 55.517341
 38.068449
 52.586099
 67.568730
 232.413737
 225.949866
 49.070539
 48.027944
 66.665935
 85.984181
 74.334009
 66.036950
 51.383451
 29.041904
 38.084655
 59.260330
 220.759186
 215.139529
 16.511254
 81.520644
 77.267135
 71.589750
 83.065598
 48.594868
 55.943842
 50.817710
 36.983316
 222.465457
 226.237203
 78.940086
 72.315930
 60.757671
 75.907776
 50.590782
 53.438452
 39.485665
 31.117425
 213.234336
 217.766029
 41.794868
 49.390075
 23.413667
 36.236136
 37.673635
 54.953086
 57.344846
 163.592430
 156.032022
 30.995032
 42.525605
 43.728961
 61.458381
 60.341248
 41.662743
 147.963291
 152.447949
 35.271748
 51.368827
 54.544451
 39.471962
 37.690761
 153.403569
 157.687734
 47.330036
 39.457408
 43.721591
 56.039470
 155.670057
 149.586911
 31.278443
 46.133467
 32.451587
 188.419043
 186.871284
 31.039612
 47.505075
 194.513749
 188.343731
 38.105263
 189.185188
 188.312705
 185.615603
 190.820137
 46.097565
