 44.167912
 76.581314
 65.344702
 194.277168
 185.066386
 235.706671
 236.086065
 264.841853
 263.090242
 265.310365
 274.542457
 593.205616
 596.169486
 302.479186
 340.225799
 331.642313
 350.805463
 472.689523
 488.743611
 502.187081
 511.664973
 376.088770
 392.746046
 400.670844
 415.008553
 853.645447
 840.530477
 55.911269
 93.880923
 189.832927
 180.622146
 217.523627
 233.979607
 260.397612
 258.646001
 255.037643
 261.788340
 582.280374
 591.725246
 298.034946
 335.781559
 327.198072
 338.142470
 468.245282
 484.299370
 491.575220
 507.220732
 371.644530
 388.301805
 390.058983
 410.564312
 849.201206
 836.086236
 70.167582
 233.320647
 217.186753
 187.807191
 210.680997
 282.387624
 277.643887
 252.429096
 253.013155
 573.505189
 610.723132
 337.848997
 352.838791
 328.318216
 329.367285
 507.640230
 508.500254
 476.906791
 507.956366
 411.039478
 420.181308
 375.390554
 402.798589
 848.752414
 844.356844
 169.178204
 194.560458
 195.901673
 175.122079
 228.275010
 223.531273
 257.620429
 251.718627
 562.676882
 556.610517
 283.736383
 298.726176
 336.973753
 318.538978
 461.391259
 495.330503
 441.892039
 472.941614
 385.582842
 366.068694
 340.375802
 391.970281
 826.881755
 809.342092
 26.053278
 65.953976
 45.174382
 74.405015
 69.661278
 106.297257
 115.529348
 432.060241
 402.740522
 126.592071
 146.797026
 172.629205
 187.922337
 309.462109
 329.730503
 311.275398
 333.058470
 217.075662
 214.139544
 209.759161
 255.995445
 694.632339
 666.073711
 50.640284
 67.096264
 89.265214
 94.866352
 80.243979
 89.476070
 408.739882
 421.618432
 126.902548
 164.649161
 149.331585
 165.739077
 293.022338
 309.076426
 324.679900
 336.088334
 196.421586
 217.169407
 223.163663
 235.341368
 673.978263
 660.863293
 22.873806
 111.128047
 104.417826
 69.803136
 65.246613
 385.738647
 434.676348
 166.589419
 169.632159
 149.156460
 141.600743
 332.297241
 320.733712
 289.099600
 320.149175
 244.493009
 236.974676
 187.583363
 215.032047
 660.985872
 656.549653
 90.348453
 85.604716
 86.259116
 81.702593
 402.194627
 418.488667
 145.809826
 156.385416
 165.612440
 158.056723
 319.050499
 337.189692
 291.889156
 322.938731
 255.114472
 223.727933
 190.372919
 231.488027
 676.878873
 659.339210
 31.433296
 156.706688
 165.898450
 440.911065
 347.386279
 61.331932
 99.078545
 179.347762
 216.808515
 246.921357
 304.909282
 307.440671
 270.517719
 192.254441
 151.598792
 205.924434
 244.075291
 669.811118
 603.532959
 155.432524
 145.416590
 429.057409
 337.193257
 92.765228
 77.135748
 208.306632
 185.375219
 239.800831
 319.011552
 276.007375
 263.397193
 206.356712
 144.478266
 174.491138
 242.500578
 660.997092
 596.412433
 33.016487
 334.018006
 483.926390
 188.866662
 219.557285
 81.065151
 109.279494
 299.140775
 276.386433
 262.813680
 330.146247
 202.538728
 244.543576
 201.745131
 170.684767
 616.638592
 666.316760
 320.492034
 465.498784
 210.892693
 193.960070
 109.198043
 76.354130
 301.034394
 255.487099
 241.514507
 297.129760
 204.760914
 253.849106
 168.728643
 149.785434
 595.739259
 633.530238
 706.085995
 419.927591
 423.218720
 261.563303
 244.733933
 436.488175
 390.940880
 376.968288
 457.998429
 340.214695
 406.475089
 338.639405
 285.239215
 731.193040
 788.943067
 302.412895
 285.869347
 457.247215
 469.041578
 440.378334
 517.188674
 512.164896
 463.974695
 404.533834
 345.055769
 413.024049
 480.202647
 882.090511
 796.989936
 39.296506
 162.187487
 208.957275
 187.139318
 257.083755
 264.891091
 210.735680
 144.428915
 91.816753
 165.750244
 200.698366
 621.985591
 543.750920
 186.839179
 186.174303
 162.774328
 242.081469
 232.041872
 186.370689
 129.426628
 67.451762
 132.809281
 205.095442
 605.907935
 519.385929
 50.592987
 219.582311
 195.321282
 181.748529
 262.778670
 121.473577
 181.103620
 144.223199
 89.619616
 535.573441
 585.251609
 225.276293
 179.728999
 165.756407
 232.618413
 129.002813
 195.504773
 105.734648
 74.027333
 519.981158
 569.018891
 141.314554
 181.815150
 73.311625
 99.049821
 95.326006
 182.629209
 173.560189
 467.155077
 395.966965
 97.903401
 205.455173
 114.63908